5.673758865248227368e-01 3.866926999762654305e-03
4.609929078014184389e-01 4.805963039398193359e-01
5.744680851063830307e-01 3.179258201271295547e-03
7.092198581560283932e-01 1.000950112938880920e-03
5.673758865248227368e-01 3.921968862414360046e-03
5.460992907801418550e-01 5.083913803100585938e-01
6.950354609929078054e-01 6.094580143690109253e-02
5.390070921985815611e-01 1.040762439370155334e-01
6.737588652482269236e-01 6.129534915089607239e-02
5.035460992907800915e-01 1.058249250054359436e-01
7.517730496453900457e-01 5.604024045169353485e-04
5.744680851063830307e-01 3.326751757413148880e-04
5.248226950354609732e-01 6.394806504249572754e-02
6.453900709219858589e-01 6.072787940502166748e-02
5.815602836879432136e-01 6.370904296636581421e-02
7.801418439716312214e-01 3.180988831445574760e-03
5.319148936170212671e-01 1.225221087224781513e-03
6.524822695035461528e-01 2.737734175752848387e-04
5.531914893617021489e-01 6.129024177789688110e-02
5.531914893617021489e-01 5.533902049064636230e-01
6.595744680851063357e-01 5.265122745186090469e-04
6.241134751773049771e-01 6.101160869002342224e-02
4.680851063829787329e-01 6.373819708824157715e-02
5.248226950354609732e-01 3.241097321733832359e-03
5.248226950354609732e-01 1.145707909017801285e-03
6.595744680851063357e-01 6.711094756610691547e-04
4.609929078014184389e-01 4.643869027495384216e-02
5.319148936170212671e-01 6.546995043754577637e-02
5.531914893617021489e-01 1.046317629516124725e-03
6.879432624113475114e-01 5.477058002725243568e-04
5.460992907801418550e-01 3.565403399989008904e-03
6.595744680851063357e-01 6.402760627679526806e-04
5.390070921985815611e-01 7.412960985675454140e-04
5.531914893617021489e-01 1.016062498092651367e-01
5.886524822695035075e-01 6.093364953994750977e-02
6.170212765957446832e-01 6.185410916805267334e-02
6.312056737588652711e-01 3.078198933508247137e-04
5.744680851063830307e-01 6.373623758554458618e-02
6.737588652482269236e-01 2.370052825426682830e-04
5.886524822695035075e-01 3.334550186991691589e-03
4.822695035460992652e-01 6.097802147269248962e-02
7.163120567375886871e-01 2.281452470924705267e-04
6.028368794326240954e-01 1.201561070047318935e-03
6.737588652482269236e-01 1.094110892154276371e-03
4.822695035460992652e-01 3.976974112447351217e-04
6.666666666666666297e-01 3.300305921584367752e-03
6.028368794326240954e-01 7.723489543423056602e-04
5.815602836879432136e-01 4.477688372135162354e-01
5.886524822695035075e-01 8.702474879100918770e-04
4.751773049645390268e-01 1.057714372873306274e-01
5.957446808510638014e-01 4.477571845054626465e-01
7.304964539007092750e-01 3.514396084938198328e-04
6.241134751773049771e-01 4.932814626954495907e-04
5.673758865248227368e-01 1.220124191604554653e-03
5.248226950354609732e-01 3.524256870150566101e-03
6.241134751773049771e-01 6.336238584481179714e-04
5.106382978723403854e-01 4.749195873737335205e-01
5.886524822695035075e-01 6.371054798364639282e-02
6.312056737588652711e-01 8.742722566239535809e-04
3.900709219858156107e-01 6.408280134201049805e-02
5.886524822695035075e-01 6.085350364446640015e-02
5.815602836879432136e-01 9.049256332218647003e-04
4.539007092198581450e-01 3.371324855834245682e-03
6.382978723404255650e-01 3.792357165366411209e-03
4.609929078014184389e-01 6.098708510398864746e-02
6.170212765957446832e-01 6.374739855527877808e-02
5.531914893617021489e-01 6.378317624330520630e-02
5.815602836879432136e-01 6.390430033206939697e-02
6.241134751773049771e-01 3.220199607312679291e-03
6.241134751773049771e-01 3.568878863006830215e-03
5.673758865248227368e-01 9.026206680573523045e-04
6.453900709219858589e-01 3.245589090511202812e-03
6.879432624113475114e-01 2.893780183512717485e-04
5.602836879432624428e-01 6.417794525623321533e-02
5.531914893617021489e-01 8.927209302783012390e-03
5.673758865248227368e-01 1.025017816573381424e-03
5.957446808510638014e-01 8.497539674863219261e-04
5.106382978723403854e-01 3.659975482150912285e-03
5.886524822695035075e-01 9.689060971140861511e-04
7.021276595744680993e-01 6.071120500564575195e-02
6.595744680851063357e-01 6.078485772013664246e-02
6.950354609929078054e-01 1.011667326092720032e-01
5.744680851063830307e-01 8.741990313865244389e-04
6.737588652482269236e-01 3.534587565809488297e-03
4.326241134751773187e-01 5.544268488883972168e-01
7.304964539007092750e-01 6.076528504490852356e-02
6.453900709219858589e-01 6.083458289504051208e-02
5.319148936170212671e-01 6.379307806491851807e-02
5.602836879432624428e-01 1.010340601205825806e-01
5.319148936170212671e-01 4.250009078532457352e-03
4.255319148936170248e-01 5.528603792190551758e-01
4.964539007092198530e-01 3.973282407969236374e-03
5.390070921985815611e-01 8.604006725363433361e-04
7.375886524822694579e-01 6.085469946265220642e-02
5.815602836879432136e-01 6.114377453923225403e-02
6.312056737588652711e-01 1.115305465646088123e-03
6.028368794326240954e-01 4.487521052360534668e-01
5.460992907801418550e-01 6.260170787572860718e-02
6.028368794326240954e-01 6.758979288861155510e-04
6.028368794326240954e-01 6.385412812232971191e-02
